6514
7147
3088
1438
1450
8958
4253
1869
751
4950
5420
7699
7146
3494
9760
8024
1026
6734
9140
7281
8474
1781
8510
7101
9103
2668
680
1688
9468
7613
9639
9659
5159
6620
6001
463
3383
9304
6653
4458
63
3169
1087
4913
1820
3585
6644
177
8541
6587
6616
7608
559
5872
8938
609
5254
669
7924
4483
9163
3039
1795
8953
4784
7296
9792
8328
2875
5584
7847
6760
3715
9625
1494
8000
6913
9246
5321
3442
6280
6215
8717
5823
6561
1302
6853
8047
9440
7141
4928
2271
4839
643
9543
3877
1096
1657
1701
6173
4498
6849
6395
2694
5613
635
2935
2979
5502
3467
3379
7251
2639
6083
3596
3765
3473
8750
267
5714
3544
3198
5692
4573
418
6048
2663
5219
90
7693
2259
984
8564
2069
8310
3368
2019
8094
2713
8476
9708
5471
3775
6685
3339
715
9924
9011
1353
2319
7049
4651
4877
5153
5536
9378
101
5883
7430
2563
4217
3503
9135
8055
3841
5704
4620
6604
3098
742
3747
6692
8591
8048
8479
2213
9721
9380
5542
2446
2862
3857
2362
3095
9158
5302
1207
9968
7598
798
8522
939
3914
8625
6645
8031
6564
9363
1957
301
3029
7822
3628
4976
2839
3370
1210
9405
7687
7571
3343
6165
7745
7306
5227
3424
1981
6358
1504
5208
5164
3803
3745
2625
779
2170
3724
9383
5522
2980
8855
6691
4537
7034
7656
5211
8376
7455
5694
6637
3843
2315
1290
6936
1294
6356
598
7462
3201
4174
2772
3990
4109
8811
6257
6845
9859
5888
248
2600
195
3833
4642
4897
3345
4265
4213
2140
5289
3947
9482
5461
6380
2182
3988
4506
5428
7742
5012
7933
4141
7900
9832
3301
200
1605
6499
7326
1214
260
4534
937
3045
8714
1732
7898
4494
8572
6962
8745
4631
2700
1615
7269
5082
5261
8697
5593
7673
7856
2133
4529
5651
8616
3057
2093
6660
8481
8753
151
2150
5142
6207
6066
1960
2832
6952
2481
2982
9689
7514
193
6495
352
8254
8913
6769
1748
7052
8948
6589
3246
8241
6998
3490
555
8689
1776
9075
7028
630
387
6968
3439
761
5630
3573
6636
1164
188
3027
2564
7887
2622
197
5554
318
8527
3101
8373
1631
1662
3068
7679
2375
913
325
2693
5301
7362
2439
3218
8644
6416
8687
41
9028
210
747
3867
2061
9907
6211
1403
3846
8178
2178
7299
4000
909
9437
927
5957
6271
5031
7238
2865
7351
6925
8324
9818
4555
1630
5639
9660
8555
9280
1231
9031
5802
515
8777
4616
9682
3321
2556
2624
2104
7912
5332
7692
3711
78
7765
3964
8605
3750
3075
1896
3115
5931
9884
4624
5349
4815
8705
5137
4891
1324
2581
5915
3341
4377
8742
4256
1328
6097
7904
2396
7103
6496
7066
1584
8562
1783
1749
3738
1833
6278
3583
4717
2643
3766
2352
5541
5342
9373
6970
1258
1250
6072
3743
7111
2812
2384
203
8898
1969
5910
9130
3020
1550
4525
7585
8800
9772
6187
1576
4067
8823
8422
9755
7394
7648
7779
7216
8271
5581
448
3133
8943
3582
8288
9618
593
2544
9756
8557
8647
7686
7724
9418
5646
1746
9432
1557
8593
2217
2752
3788
7832
9407
4165
2603
2851
6076
5716
2524
8645
6254
9174
8158
3065
4046
2681
9704
2064
6081
4401
8176
3217
2566
8150
1347
8711
1458
9651
8582
4078
9390
7151
4600
2500
8509
8153
4596
8528
3777
6054
107
536
8293
8381
579
2578
4739
2936
3006
2583
8638
2885
1251
4964
9029
5114
2470
8059
2501
3251
3195
2540
1524
6127
3485
5202
7516
3929
8786
8880
5401
652
9000
4346
4009
7370
9915
1933
2985
563
2525
1454
1313
5731
690
7031
9202
945
4257
2492
4758
7815
6625
9447
6943
1912
1535
9958
189
2665
511
4281
8833
4429
4444
1752
2878
5785
899
7834
7029
4027
2366
2152
7463
3671
6661
1900
1724
404
3433
6095
5419
2904
9872
8903
7078
9688
5664
8142
9060
1822
3392
1182
8401
4450
5037
320
6823
3726
8067
1541
9670
1190
738
4386
7811
8853
1342
1427
8740
5108
6440
5483
942
8571
6566
8957
8429
300
8427
235
2210
6581
1556
8630
8686
3159
3834
5817
6345
5374
6457
6836
7653
7367
2924
1480
1818
6894
3595
4002
1330
6789
1534
7372
6479
1202
4526
949
8486
6473
1553
4507
9497
4843
3284
1755
2324
6021
4041
2576
2142
1278
3136
767
7830
4191
4847
8902
9284
2234
9993
6565
4345
2432
1117
6882
6966
1194
8058
5848
5707
6719
8183
8219
2957
6231
5620
9371
8023
2627
4657
700
5912
676
8607
5637
9293
7167
9691
4437
9339
2233
6047
4632
9230
8004
3332
3014
4251
3847
4421
9247
9128
8010
785
2715
7706
6489
9189
1573
2283
5373
4640
9465
8495
1196
1075
6785
8258
6879
4623
273
5708
8154
4049
5056
541
8105
5100
226
3557
6505
611
7716
1611
4708
3879
429
2519
6213
8300
9938
7883
7594
2890
9112
4701
9069
2876
7675
1417
2514
2023
1472
4288
6138
4342
3631
6103
7790
3366
5243
4626
3093
1308
4134
5009
6317
1128
4392
3309
9525
5225
7667
6844
4712
760
8506
6503
6640
4441
892
5291
7072
5933
5895
8930
9171
5194
8404
6071
4094
9796
1624
3178
3060
4239
1285
2560
9327
2840
8382
1634
3200
9320
9582
4648
6486
8724
1411
501
4240
6031
2462
9116
2826
6300
791
1270
6184
3190
6423
8367
9880
2767
4880
4301
8455
5668
2030
274
9865
7474
4434
560
5835
9410
3307
9025
1659
9311
6485
1813
9896
6757
3660
266
4635
7754
4658
1817
2095
8114
9501
9085
7860
254
8437
3082
2853
4978
3183
8759
9524
6558
1644
5019
5210
7831
8985
9673
8678
7298
464
5115
3508
7564
2552
2049
7263
9154
9539
6015
7001
2048
2993
4541
400
6307
2770
4584
50
3627
1824
7432
7677
8498
1051
718
9250
6122
2858
5371
4404
9791
9283
3980
7774
5918
4871
5297
3191
7074
1988
7437
8065
1144
3600
3949
8366
8395
8160
5689
9932
2296
6750
7705
4012
729
5611
5084
8706
5671
4720
2254
4472
6554
7224
4137
1826
8980
5039
6146
9192
9082
8087
1546
275
2278
5878
6189
9849
874
5257
4500
359
5753
1893
6781
6068
7992
5720
5365
6437
716
8946
7443
670
9992
3994
6768
8015
1866
2449
4315
8820
283
2029
123
5730
5444
24
6906
2
5686
2696
4754
5805
6631
55
8083
4878
7849
7036
2215
495
334
1677
1271
8908
8918
4936
3291
6378
830
4406
4426
5856
2260
6003
6101
7957
7624
4751
6987
6314
6895
2569
1992
9453
3015
4244
8770
4036
7878
2225
2084
5647
6770
7971
6401
2604
8639
6029
5715
1583
7562
2328
7845
6571
1707
4083
3038
3474
2472
5733
1463
2414
808
6043
1479
5505
4170
3364
5922
4436
1806
8610
4577
584
9042
9199
4368
8618
7715
7204
1838
1975
3216
1367
4809
8797
735
2688
3250
5527
4105
4481
3112
3484
4071
5139
9904
2151
1241
3314
2776
1980
8278
9260
6305
477
2742
2192
5112
1394
9449
7844
1899
8975
6226
5036
6246
816
6448
1145
6887
6201
183
7217
4482
3132
7740
9404
4063
8334
6733
4357
9439
7987
688
3943
6675
1031
4203
6877
8246
5607
419
7395
6224
6236
1867
148
2318
9160
9379
910
596
5511
1011
5526
6543
9677
1660
2954
2247
6916
9831
5903
5281
3400
4088
2921
9630
5790
3584
39
5147
5758
3049
8987
2733
392
8702
7232
4614
1344
9076
5020
8496
7279
362
6093
693
9681
4268
839
5076
981
9960
1095
8021
271
3591
8084
567
5507
3668
5498
2636
513
527
3154
7354
382
1369
1074
4621
3636
412
3618
8046
6383
4513
5131
6859
4753
554
2332
6451
6526
7108
7947
4639
947
9035
3389
5974
250
2717
9616
9113
9318
9480
190
6144
8261
8727
1358
4609
8601
9294
1247
5005
2898
2433
3131
1676
1996
5676
2546
9754
2046
1083
83
7098
7768
3848
689
2610
2136
476
2221
2689
7457
6886
7853
4961
2879
828
1105
2009
1554
7428
5415
4339
6010
3984
211
1245
7416
7972
8619
1124
720
5588
3437
5814
2494
1298
5203
2535
6591
523
6490
7602
8056
535
6574
9348
5680
4326
9133
8104
876
1591
4033
4514
529
9242
5956
8304
9719
5245
789
2654
5407
2783
9275
481
1384
4655
2490
625
4064
5060
1796
2831
5357
6322
1001
3504
1114
6837
1317
3748
5293
7922
9742
8100
1885
8323
9906
4021
6301
7861
2485
1248
9556
6659
3156
2746
3605
8166
6609
1950
3209
2989
2543
1082
6741
752
9920
4219
6008
5798
3011
4310
1831
1970
1647
4161
5770
261
7781
3717
6963
8500
7576
3009
333
1973
632
7441
8350
4389
2146
7989
2165
142
4730
6607
6474
7360
1198
6220
8298
8796
8835
6209
2513
3893
2810
9297
9528
906
921
7896
3588
9748
7221
8344
7744
9571
9098
7312
5284
6520
8621
2153
6871
6160
7982
243
3854
9445
7660
1239
4169
5033
3418
4551
9219
2452
5075
3799
9601
2380
8529
8566
7047
4644
5880
6995
2739
1641
7563
4323
5183
3289
3545
926
2874
3163
4275
2589
4272
8600
6907
9257
4606
3793
2401
3043
8789
9826
113
1293
7173
6430
9550
4435
9156
1928
3562
5628
8403
2571
5885
4352
8443
5524
5948
7657
1299
1080
7556
8088
8121
9052
1025
3569
8579
8881
1663
8122
3458
5073
4896
940
8719
829
4589
16
572
4229
3737
7632
556
6983
2510
3998
9537
6716
4669
9314
3962
6624
8424
6551
3779
9015
8450
7129
9041
1773
731
2222
901
4023
3122
4542
1019
4982
5690
1966
7862
4740
9274
5577
3613
7918
6901
5616
4468
4408
2706
1103
9100
9890
3367
8141
180
9324
3067
5391
5747
2102
2249
1260
6036
6559
3969
4255
777
3535
9800
8453
7959
5351
7458
3572
9138
7010
9248
7254
6431
4588
9044
9900
5449
8477
2969
5768
5491
433
6002
8425
3380
3443
5870
8661
9287
3561
1841
9303
7531
8411
4925
5348
6847
2974
2658
5270
4921
2882
9027
499
8952
3459
9695
8696
2659
1561
1044
9644
6488
7100
7014
2047
4108
7698
5908
1445
3722
8743
6973
9289
7193
8202
9663
8896
7252
8005
9983
7283
4206
2786
1698
8921
6042
9470
1742
5851
2183
4151
8613
8821
5571
6459
4903
122
6328
867
7579
3568
7753
1903
1140
7530
6159
3206
2307
2906
4865
9286
5644
4808
7385
1713
6355
757
3299
3904
9535
9285
9429
7182
8917
346
4334
5398
6947
4124
1924
1906
9064
5598
5766
4680
442
3801
9584
9359
3492
540
2868
3211
9752
5404
8139
6123
3908
3369
4521
7040
3451
1486
8369
2479
1977
6942
4420
6365
1295
9456
8294
7391
4354
8314
5443
1412
8426
1976
8945
8752
2594
4765
6086
7495
3773
7247
8973
5951
5275
9258
6381
8751
3080
1236
2827
4004
9782
1857
4073
2190
3153
5260
3419
5437
4143
8493
9161
8565
9209
5424
9486
595
170
2421
6598
745
5136
9700
3466
542
4474
486
9711
5006
4895
7517
3783
7920
7124
2609
6119
4116
353
3176
5533
1578
1363
7293
9710
2364
3394
5316
3174
6679
5675
475
7212
1146
1505
1057
8766
5617
2946
5745
5960
9168
5574
2757
9633
831
9397
89
4548
8343
1675
6994
7532
6585
8955
8069
2351
6064
4496
6670
5958
8691
2457
744
4501
3137
7789
6221
8976
3888
1192
6242
3729
2294
1955
2001
1477
7974
6410
5308
1122
5099
1292
2753
5669
1572
6927
8590
4552
7168
4463
6285
4988
9590
1985
4226
7536
8991
5030
8785
2325
3915
8775
4146
6039
7152
4671
4666
5783
5138
928
7284
496
3786
4132
9922
6766
4985
1047
7614
5244
2255
1327
9476
8115
6975
7737
1704
8035
812
1972
3236
8499
2900
4814
5185
5592
1788
1511
2691
7592
2187
1359
6291
4410
5830
1983
3347
7927
2914
7390
4793
1589
4140
4679
8218
6297
3414
6052
3018
8490
7960
3034
9317
1092
3886
3889
871
6872
9068
5996
1012
7990
1905
2592
2488
1560
9176
799
9866
8484
504
7434
6523
9343
9226
7081
1453
620
411
8378
2850
9725
3922
2334
9765
701
6480
1485
7496
8518
4282
3563
845
1618
3721
2353
7059
3047
6811
1626
4882
7568
8790
4190
4059
8196
6898
583
295
2451
9891
9516
5141
7540
9123
3574
709
2815
7478
6105
1874
9472
4260
3340
3617
8836
7334
5283
5456
6726
7572
4817
1929
9208
7934
6028
1034
9137
3740
503
2045
4901
2741
2736
9648
3302
4417
2629
6647
417
7176
9580
2404
8963
6069
4024
4487
4107
3996
3143
1211
7115
888
7342
5057
5395
6143
7322
1836
9442
9802
2468
8771
2467
727
159
7951
7363
994
3274
8701
4159
2814
326
9607
5919
9308
4825
2035
1603
7338
4565
2248
9667
6172
734
6852
7321
638
5182
6402
5742
506
8545
5695
5661
6035
7859
818
7791
4545
2529
7739
4801
9514
373
9166
8531
1481
4874
6369
2475
3518
8826
3272
389
8768
9352
6277
8312
8524
7670
3276
5155
3674
8875
558
6753
5200
1930
9010
8744
1303
3620
4235
675
9120
736
2516
1443
5463
881
8707
169
5298
9360
7703
2498
5
4562
7466
36
2434
2111
8332
6481
4884
7604
7335
293
1945
1287
4121
8567
2522
5008
3533
3388
5555
7828
5304
9078
905
1461
2730
9707
493
6745
1383
8370
5828
2435
3658
7030
9555
5232
218
8014
5487
7731
2410
4821
518
5094
8895
8809
9326
5710
1156
6309
229
458
3412
3594
7820
9241
5255
5699
1666
7980
3403
6815
8868
7812
5842
2400
7397
660
1123
3805
1639
6519
284
6398
6843
6238
6408
7925
5422
3590
3
3543
1974
7421
2545
125
1414
5518
813
4673
1898
5683
3781
2877
1469
2037
8099
2482
6617
9943
8134
2320
9092
1804
6533
6976
7518
5580
5864
4768
9570
5586
8664
3052
1054
32
7348
9276
3844
7461
1288
9827
697
5737
9985
7603
4924
4449
7324
296
3616
2101
3287
329
561
342
6354
1961
9056
2572
2263
9656
5846
9195
4979
8257
6956
117
416
717
29
3601
308
6982
7136
6677
6712
9350
8738
3679
7550
5597
8400
490
580
5849
6433
7502
3257
4823
6050
8515
7448
8834
1226
8299
1693
7433
6595
9259
2450
7827
2237
918
2054
7160
6773
2555
1279
4467
2082
3430
8662
8325
102
9223
3825
7821
5220
8722
7533
7590
605
1201
7135
4911
3977
3728
5840
5984
104
3519
8138
2043
9498
6319
4308
2103
9654
7510
938
8748
94
3657
9001
5246
7578
2232
8784
3204
7198
5889
4842
5050
8118
3576
5098
1567
5179
4329
398
5116
3374
1910
7979
4735
6206
1914
5376
7582
7671
4344
5083
2889
3790
174
2863
8598
8353
619
2496
9421
4931
4638
3800
4089
8944
1322
2978
6487
3000
2223
3464
9598
4618
7469
6261
5055
1159
4013
7311
1622
864
9438
8128
2504
7377
9353
8085
7936
7977
306
4237
8505
8025
4006
4096
6893
4316
678
2453
28
2551
2455
617
4455
6540
8242
1784
5234
4413
3323
5677
9517
4032
2731
3042
7149
4209
6367
1645
9313
2823
9703
6535
6663
2310
8284
9619
679
644
6104
438
9918
9672
1272
2172
7452
4181
8436
5235
7714
9853
8204
5250
4271
1646
7676
7137
5214
4649
8441
482
4796
2264
5976
8848
3061
8604
2447
9565
7123
4280
4085
3534
4158
4687
1548
9724
2236
37
5133
8624
2397
1281
3514
4210
7893
3361
2340
3760
9743
4154
6611
6196
4381
5021
2382
2343
3869
8695
758
6537
344
3398
7628
2274
9007
5723
3413
136
4832
7841
9005
6740
6407
7033
2587
4400
305
6235
9032
4940
6283
2986
7561
7520
5560
8587
4992
4867
4052
2327
6406
1858
4495
7444
4833
5306
2970
166
6074
6449
704
4261
5987
9400
6427
6824
4364
2756
3768
7420
7643
7833
290
1519
2123
7038
8406
1706
1396
1568
6274
1130
7565
4907
6820
1068
1729
3758
6959
686
8277
9546
2800
7527
7988
6198
8480
3954
1038
8892
3121
5674
149
618
1881
2276
7775
4119
5451
4330
3971
1946
2336
951
6087
1629
3885
8020
2097
6573
8646
9489
9694
9277
1058
158
2512
4703
2616
3084
4539
5572
7646
171
8117
6323
9882
7491
2793
8984
8200
5929
633
5285
2066
9940
9858
9088
5436
3603
9086
3083
2520
4800
1142
6058
4834
8030
7345
7509
100
3455
9344
6536
7489
2666
2000
3317
8093
6728
4395
7364
8663
7626
1460
2940
3104
3753
8932
4960
9974
2796
7142
2558
5653
5490
5319
7707
2385
5277
862
6051
5969
5333
9415
2021
7447
6989
9315
6725
8841
2377
4243
8229
5324
4508
7037
6830
9012
5117
5937
7902
2617
7553
75
7210
2992
3612
2036
8708
8125
1381
9969
7273
8539
4299
5776
7895
3230
4492
5528
6053
8652
8956
4910
4211
533
8520
1269
6252
5085
6646
5201
9889
1892
5553
9523
6608
2129
2081
7159
3967
6265
5930
6059
3873
7631
5388
4672
6897
2464
2403
453
7202
6062
9820
7570
9152
7889
8297
6883
5135
3659
1209
9955
1023
9139
8715
5691
2205
3005
3921
3662
7581
5049
668
3410
2195
7087
2341
838
2052
2983
9063
543
8444
6190
6166
4199
5236
1582
1498
5213
9730
9389
9786
7964
7005
5252
9587
7376
5352
9947
6304
2687
9686
5640
9990
4587
7694
4613
4383
5863
7943
7473
1067
324
7984
3344
5992
7617
9709
3820
5765
8788
1555
5905
6874
4490
7024
4986
5484
9150
1197
9087
241
7784
5035
8837
958
5658
9903
3463
8068
6334
7669
8960
4026
7270
361
2196
2579
8911
9838
1984
7498
6466
1346
7871
2088
8968
759
2928
215
454
7423
5705
6167
3327
8002
2911
1234
8098
3993
3495
309
7681
7639
8051
1691
5065
5473
6580
3189
9254
2298
6397
933
3742
3177
7506
5127
4567
173
4601
9305
2645
6917
2638
920
532
5971
3237
3079
7772
457
9096
9568
7243
2313
8274
3324
6682
2905
6027
4728
6885
5625
8413
4585
9403
8186
6819
2995
7601
4566
1351
3902
5548
3375
3567
5602
5305
8866
4760
1513
4112
6828
7000
1718
9935
4111
5687
6960
4919
7093
1084
3981
6157
5034
209
4186
4045
6547
3555
641
4171
7417
4079
7007
6026
1712
3712
2194
4123
7422
8333
5751
8889
1503
6260
960
588
368
8845
1180
8979
8859
983
1487
3393
8876
7807
3815
8818
7477
7762
6384
5784
4935
530
9375
9129
4886
5343
2764
237
3909
3638
7486
8846
5340
7712
5529
7344
7039
7062
8420
6656
3797
5604
4040
7467
5307
492
6439
6377
4650
7836
5877
9794
2880
3295
4208
5375
485
5439
2971
4628
6389
40
9856
846
2505
8860
4804
7230
5290
7229
3471
2275
4744
883
3491
8723
9186
1968
2866
4333
6264
8163
315
9758
9592
9399
6648
2630
6080
7192
5861
3734
8712
128
1986
8016
121
5501
2860
3203
1447
9018
2588
794
661
7866
8927
7248
2491
6755
7680
7236
7719
4363
5256
5354
9621
5124
7758
8550
2444
460
6754
3196
6210
7819
9355
9162
2984
1426
9650
4838
4743
4446
568
9512
6396
4670
2849
8922
4888
4762
4110
2002
1116
5002
844
7393
9188
9147
8894
2895
9640
9643
879
3500
2098
3934
4283
4558
1938
5038
1558
4676
2469
5827
3973
8685
5697
9945
3936
4696
4917
9279
9551
2976
6171
5898
3053
8078
8924
1710
4177
934
8066
3899
606
2802
8511
5633
7965
7548
1221
3426
8064
3587
4517
8949
1440
4608
2948
3055
765
9655
2065
3261
3526
6931
7846
4780
5408
1446
4934
5479
6316
3167
7019
7287
9435
783
8698
6118
956
3684
6758
9506
3440
1059
4766
8270
746
9608
1965
5800
512
4599
724
6191
8108
7409
1002
5459
34
5161
880
2311
6179
7618
4876
5091
8583
440
961
5709
1429
3409
1036
4790
9045
6041
6084
6861
2126
6930
3911
8287
2749
3670
6038
3720
1865
7569
2132
9845
277
8319
7826
4995
4869
4008
516
2128
108
9851
9988
369
6678
3796
483
1086
4645
7577
1215
9698
9458
2844
6635
1613
817
9888
141
5540
8668
2014
1093
1607
8432
3103
4228
4675
1435
8356
8673
9741
5174
2631
8352
8313
2669
6717
6709
4909
7645
7872
1925
4129
3294
303
6132
5657
8551
6082
4861
3469
6618
9170
1530
4578
766
4019
5570
1979
8416
4486
7105
3710
2607
9892
6461
6555
1839
3655
9613
2787
4829
6612
6568
4773
7035
7637
3384
7997
9722
9507
8146
4615
7358
1024
8461
7023
9374
3436
9652
4776
6281
3688
507
2423
856
2907
5267
2855
6335
3031
8535
2068
8581
4380
5212
4448
3744
1610
3548
3097
8116
653
5067
7138
3757
840
6273
5427
9024
7406
9499
7683
6158
8542
2773
1529
4745
3123
9878
1166
1138
4930
8208
4075
9559
2144
7371
9245
3234
1350
878
585
3493
8749
3305
6910
7835
9444
8929
6683
98
2027
7615
2245
1484
2212
6517
259
9961
2199
7297
9084
9422
9544
9321
6115
2256
1763
8710
2156
9602
9824
4570
5907
3087
2774
4480
2775
8693
790
268
9182
5791
8072
793
4752
2856
286
216
663
6129
4870
4358
4893
378
5659
9665
5478
8292
9857
8260
8885
723
932
7300
9926
9051
991
7996
1728
3682
5403
1569
9016
4335
9409
6145
7218
1186
8454
7401
8681
4266
4953
1406
1378
5206
5396
8388
8399
6140
946
1071
7186
865
8699
6009
4737
6237
8180
7060
3673
9065
674
9628
3429
8095
2483
763
5519
1000
1690
6121
7701
2295
811
1614
1600
8248
6075
4575
6826
2758
1538
7606
8191
8430
9336
5700
8346
7864
7937
7356
3623
5772
65
4205
3184
397
5258
8057
7525
3446
57
9617
8893
1191
7418
6044
9187
1689
9622
7083
3982
2671
265
6778
2727
4902
5754
7665
8377
1315
4373
1490
2846
7589
5296
150
3359
9604
7690
3667
1101
53
196
6219
1274
331
2175
5859
5995
3794
7623
4848
5506
425
6462
3408
7460
7732
3286
8507
8812
7091
6244
3319
3787
9575
3004
3062
3776
8348
9626
144
6000
5531
2785
8452
2285
9773
935
3168
31
8275
8339
4571
279
7044
7339
6534
8156
2557
8390
3540
2794
1056
2358
1939
9629
7206
2913
5488
1015
5670
597
9473
4885
3755
6456
4742
2306
8247
3723
8489
124
8755
4398
8519
2427
9046
4546
7595
441
6360
3454
2050
199
5902
6873
1107
8012
8029
4278
1253
4433
9875
4544
62
9840
6649
8407
4020
5465
4792
3089
8977
8405
6256
5927
1674
8485
9610
1393
3643
5329
9335
2902
4336
8947
2955
1085
1357
8504
3807
6923
46
8195
9562
578
1187
915
1455
4168
9424
6139
6336
1772
2662
1335
8235
7445
1696
2026
9589
3529
4889
5673
6313
1911
553
9332
2711
9638
5330
4715
868
2284
8925
854
3010
2219
8169
9505
3961
9600
3966
8237
4557
7148
9298
7368
7792
8119
5899
9678
2484
7954
537
4711
423
7808
9767
5655
3782
1507
3881
3448
9478
1516
8391
8883
9008
4127
6183
5946
7488
3290
3752
6391
4443
1109
8201
5215
2398
858
9887
7449
3693
6106
6232
9441
2288
9281
1053
608
1768
1229
7668
7250
399
3330
3896
7214
1921
2006
4959
2792
5224
5757
8934
4318
3051
664
4142
9484
9982
7009
9731
8079
1276
7708
1664
4423
1373
8303
6698
5457
9036
6476
3577
514
9605
9956
8909
7313
7975
4944
5595
5386
1405
3318
5721
1133
1147
7926
4077
9612
5072
9233
3141
9962
5187
7911
8589
3624
2521
3166
7374
5070
7535
8039
9746
5223
4349
9770
8033
9495
7219
5165
6920
7450
3338
225
2872
703
3506
8575
9991
9998
3940
1655
8251
4582
6729
985
9142
2171
2344
2675
9388
5513
3810
9240
156
7599
5648
4771
2424
6133
552
7725
8327
3632
1862
6780
9419
8212
6022
18
5681
4811
2803
6784
2409
6415
2138
7226
6545
5961
431
1814
5485
5322
5693
7076
8761
8514
3987
7187
7915
8123
7528
7261
4947
22
7188
2680
8901
1517
2096
7874
6958
4767
2067
9354
5503
6245
5530
6061
8239
8213
2124
2614
4285
5662
5920
5911
3746
5372
1785
6117
2076
2618
6818
3832
8244
8533
8884
9200
7818
5654
6131
5701
1577
1587
4942
9089
1365
7839
95
9466
436
1702
5874
6420
7481
415
2649
5717
9557
9833
8586
2100
677
1112
8136
3306
8448
35
2991
3732
3064
9963
2807
5370
7414
9471
3831
4810
140
132
1765
1050
2897
8560
9436
263
6372
5612
8793
1055
8451
4350
3382
154
9999
3554
7931
3653
9908
2471
7596
4258
5346
7484
7
3310
8380
8655
1165
9337
1333
6638
919
6450
8315
4647
1531
1895
1592
6442
7782
6444
264
2265
6497
8778
9540
5769
8076
7286
2788
5767
3640
1496
8852
3505
9109
5809
4001
292
988
9778
3488
155
8044
8827
5175
44
7234
1297
3134
7464
4173
930
5411
6979
8726
1861
3111
3700
406
7011
3751
5160
6162
6154
795
6896
7365
6270
3706
6110
1672
2010
8781
4236
451
565
420
12
573
4399
7882
2945
2106
7940
5229
3354
1077
2204
134
6686
8779
4702
2349
8627
5781
6736
2805
4653
8221
9809
7497
1255
3665
824
9631
5562
2841
439
1311
842
449
5417
5608
7727
6432
5387
2480
7942
1018
4684
1227
8434
1256
7558
4668
1136
3298
8170
2716
4597
6216
9362
5217
105
5044
3292
9976
9494
8103
8537
3483
2533
9067
5199
711
8465
8971
2847
1497
5418
3025
5042
8295
5968
20
3828
214
9493
3656
977
3824
8684
4414
600
426
2910
2994
1244
6664
2769
2574
1334
8054
631
4807
7780
6290
5015
4104
2702
8127
5520
3151
3028
1545
8615
7627
5154
4738
7969
7327
9172
459
5886
7117
5105
6108
4184
7634
4050
634
5945
249
4312
7317
7935
6333
2861
7955
6293
590
1235
7222
1108
5186
1805
5393
5240
4734
2959
5789
6128
5678
7588
4918
280
1111
1823
6302
973
7140
4042
7203
6597
6294
2873
4393
8412
4723
636
4503
7459
5799
3235
2975
7104
88
8915
4710
5576
7082
1422
5476
6921
4505
4518
5251
2379
8563
1094
4630
4125
4812
7998
2615
3895
7185
202
787
2724
7305
2241
1312
2279
890
9430
6764
1029
4699
394
3465
7610
1379
5196
3180
3552
6926
9519
3858
6578
524
6163
7710
8240
9895
4509
4302
969
3817
1129
2714
4805
5726
402
9080
5901
1022
6303
2038
9942
6099
7851
5385
6669
3428
8074
4148
6560
8716
8433
2673
6186
2822
8503
9119
322
9606
1372
5074
4051
8594
6799
3703
2960
3073
509
2181
4425
2267
7767
6567
7897
4232
4846
1306
8419
4259
7054
2086
9675
1669
5069
2073
1936
726
1737
9328
2819
5858
9825
886
4374
2208
7755
3918
4763
3070
710
8574
5347
321
3021
1493
81
4456
1551
4998
5983
7482
5024
5713
3625
1705
5811
6552
8794
2953
5366
9300
673
5350
990
5132
9816
2534
3024
8623
2177
9676
9455
2580
7786
1081
5543
7952
2474
7995
5794
2892
4789
1206
5190
531
8445
6935
4245
1562
5739
2754
110
9153
3864
8725
1259
9898
6621
6856
5092
1917
6419
2134
8345
602
5078
7268
4095
2062
432
7916
5752
8874
1277
2229
8398
7503
6810
9111
8151
1065
9934
5832
4777
4775
5606
6020
3255
1597
7411
8354
8227
6259
5266
4674
2113
3741
2565
1559
1798
9819
9184
9040
3385
5556
8306
3678
3876
3283
2683
7630
1343
7277
67
8803
3157
253
7948
3725
6332
8810
1238
7638
3598
6312
4295
8279
8978
5314
4367
9964
5500
2070
1575
1262
2316
2063
9014
562
3507
3233
6107
9814
5176
2120
3733
5847
2515
2337
9740
964
7288
6841
7196
474
8670
4612
2365
2790
2114
8649
4939
5566
2747
5982
2925
9745
157
4230
5435
8032
6006
3931
147
8756
6137
4898
6352
5318
3648
6279
9623
9901
7526
3130
9836
9267
1931
6467
6680
5272
5762
2476
7813
8887
9951
9420
822
3144
7240
8329
3214
7399
2664
5703
4991
7223
9957
1800
4074
5339
9288
3696
9217
5413
9883
4970
1915
6134
2391
1395
6349
85
2383
1329
3139
7973
5696
4200
7805
2635
1305
4962
4586
4314
1421
741
9033
819
3078
1801
570
8671
4182
6443
6857
7723
7112
8962
7829
2657
7994
9059
5477
3983
8933
7490
8659
2559
3353
8657
7275
7077
2389
9989
566
4056
8263
5561
5079
1478
694
3481
8337
6351
9169
6149
2765
7096
1282
8782
6697
1632
6798
8234
8931
4135
1045
4250
5998
3839
4007
3992
8112
2270
8521
1694
7070
7817
6864
3852
6176
4791
4572
9477
5458
7092
7766
9253
7470
2289
4178
8410
6751
8009
1963
592
970
4598
8143
2620
7492
2094
4355
5583
109
1430
9784
7625
3537
7546
5594
5795
9273
4473
8729
6262
9664
8082
4748
2887
7986
7760
7559
2804
5972
5732
8091
5384
3812
8371
9795
4974
1878
5837
4862
4488
126
8124
6321
8683
7069
3826
3695
5286
5063
2105
9558
289
6788
4447
2701
7877
6394
6258
8612
3129
9194
8040
4043
5241
5545
3378
3558
9381
191
6765
2596
1420
8077
3517
1079
9227
9919
8268
1602
1697
4053
624
2896
2303
3281
564
9948
1161
3148
6999
5320
7493
2235
4362
4831
1387
1580
7567
3262
8228
1767
8928
9165
3838
1753
5405
7349
8326
8666
5736
5377
8089
2478
7515
9500
5462
8844
9893
3780
3273
5287
5818
7267
3837
3891
2445
2961
7407
3778
8161
821
5279
365
5808
954
8458
6217
327
86
4427
7278
3008
9261
3926
3245
9573
8215
4303
6400
3629
1506
8174
8814
2428
6342
8819
1802
7651
4038
962
5567
1368
8983
4707
2608
3444
7682
2465
2057
3621
6703
3989
8641
3313
3271
6141
3238
1891
9837
8363
3823
4396
1588
4160
8347
6738
7962
3316
5222
6344
784
5913
896
3530
6701
1792
5688
6665
1987
2899
1098
6512
1835
1652
8900
7586
6747
9107
4090
9790
2852
1847
2820
7041
9959
1762
5325
1888
8665
5071
9461
246
5397
3829
6441
7713
8159
2759
5508
5564
7382
607
1316
299
6715
916
574
8982
7384
9370
4941
943
8512
7012
9864
9038
4692
7153
6373
5265
5113
1934
3352
1154
5412
8596
6247
2302
6098
9929
9428
557
2393
6774
6863
3116
5433
9369
2934
9715
9657
1233
3525
5916
9585
6869
64
6695
4741
2493
3802
3575
7405
129
2528
3220
967
7970
3171
4856
9095
1959
1200
1264
5935
849
3054
7664
2060
8471
4827
7139
9909
9211
7580
9232
3905
4387
4193
2408
8643
6330
7453
5425
1815
1571
9118
8140
5962
9637
8062
7921
3978
9417
9645
6790
287
9022
3182
5921
8580
9734
1549
7262
8822
2845
9190
4873
1069
1100
8473
768
7910
8457
9952
682
4225
687
662
7018
9508
7776
4438
6508
5934
749
7130
9817
1799
9680
5323
9596
4822
5264
5975
8937
6409
5400
3453
1533
2527
5532
5107
3085
8886
3420
1854
8349
1410
5986
2755
7017
2154
5896
5550
8839
2737
2903
3086
3407
9464
3175
2598
972
4139
8674
2988
4799
9581
9563
4563
9821
4224
6326
2593
3229
3296
2943
2884
2760
8547
3520
9728
8801
2699
1179
4403
4774
803
3974
7084
3697
6556
1649
9869
466
60
4989
9131
2266
6425
1017
8648
5390
1016
9783
6889
8478
6806
1008
8447
5936
9302
4973
5048
9927
6223
4678
4794
2163
5140
4153
178
1169
5309
4729
4065
5052
462
2022
9921
255
6763
3023
3461
7704
1035
6011
8110
5909
1345
9243
3456
2374
8468
8273
2867
99
6156
5892
8609
1714
9114
8592
4476
3916
2941
3808
1263
8305
7315
4197
7427
4594
7043
6720
3149
3925
291
5959
9322
6230
388
6362
3431
2406
7939
6563
1864
343
7244
76
3215
1877
7991
6255
9356
5807
4826
5649
1175
5626
1300
5652
6282
7150
4859
5445
4370
3360
7131
2031
8061
2143
386
950
3512
6521
376
5189
603
1637
4212
2456
6915
135
282
3892
9062
2425
8736
5734
5940
2487
1048
5447
6584
7258
8368
4416
3822
547
8018
5821
1668
8223
7720
212
5430
8155
4115
1790
2601
733
9252
8357
7655
6509
3698
5624
2381
3513
4066
685
7869
131
8675
4996
8466
5170
4279
5129
7542
534
9533
3240
7905
5004
8832
1515
9269
3001
8737
1380
7090
5455
548
204
2944
851
6776
5460
8336
3692
5738
8992
2412
2824
8732
7257
6623
6468
1431
907
222
2211
9509
4625
4470
7451
1999
9351
2602
1467
2346
2808
753
1218
3072
3226
2938
6284
5578
6899
6876
1213
3415
6529
2118
7094
3266
256
6922
2660
3622
2016
4233
8728
5263
6501
6905
5925
7555
9868
6
9402
9469
8632
5744
8843
836
1570
9737
3937
3551
7413
3349
4568
9083
8986
2782
6681
9382
9457
3033
9492
56
68
2611
4025
9239
3069
2686
3376
6642
1566
3527
228
6192
9781
6988
5551
447
6019
3811
198
4533
6650
7814
3269
8825
6434
6610
9330
2712
1617
882
7032
4515
8588
6484
7107
1006
8063
3521
1119
4157
6933
8372
4072
8606
3953
9329
1433
5327
6629
4965
8207
2726
4238
4851
1382
4958
491
6969
5368
3646
4718
7064
5221
5914
5876
7057
2252
4660
8387
3615
1266
621
1954
6570
5582
1243
3666
3225
7350
5706
8658
8867
3770
5579
3619
9713
8318
6136
6504
7888
6090
5218
4693
9615
1219
2426
2744
2597
8865
3138
8513
6060
6793
5382
6694
5797
3862
8253
9306
1222
3791
3641
6782
9771
9531
4324
3007
1667
478
3579
3515
9520
4353
8995
9237
6253
4721
383
8974
1205
82
5120
2947
186
5003
2750
6599
9055
9342
9319
6783
5924
7785
2312
7307
9810
6033
6848
9977
2965
7213
8238
2055
2641
3580
5792
5965
9299
3147
2684
8282
2939
9264
7621
3968
4892
1665
2429
2436
2813
6846
6426
8129
443
4305
9661
1536
2667
8230
4247
7155
4291
5610
522
6908
338
5964
6506
877
2176
4201
9406
9218
1608
6961
1046
8829
3941
7616
7143
6891
1099
2503
2591
6414
5672
7522
6403
9554
3705
9666
6500
8120
1468
3917
374
3524
2857
51
9897
1803
5953
307
6937
8731
3939
7798
2356
7529
3247
6233
8526
2004
4524
7228
9950
3642
6150
1686
4101
3634
7063
8355
1894
931
7122
3417
8552
3355
6900
6693
707
2575
2110
2148
9842
5184
3432
7854
9683
2039
7183
5380
4756
3450
2198
4060
2952
1736
9167
48
3633
3556
9852
3265
7777
7309
4980
4604
4908
9431
2886
8438
2139
4722
5489
1170
7880
6250
1848
434
6657
2523
5873
3264
2909
3252
6613
1528
9574
6582
9984
3457
5363
2766
9392
3716
7333
311
1863
3205
7454
5932
702
9394
8577
9023
9229
526
4512
2799
4034
1252
7369
9905
5981
1171
9860
3387
4688
285
7852
7825
955
6045
1840
987
5022
627
2640
9720
8364
7145
841
8011
1113
4093
3406
9759
6704
4246
5829
3275
974
7593
9785
2967
6018
1563
5645
2390
9583
2990
980
4082
8704
2290
5358
5268
4131
2186
7538
5237
5110
1751
1791
4464
6854
9733
1942
1757
3421
2830
9340
3329
7246
2440
2202
6546
6668
6812
2112
8216
4990
8536
2463
3933
8862
9106
7189
875
1540
1398
7272
3193
1809
1168
7899
6706
2568
2621
6228
3570
9685
8669
2141
7838
316
4732
615
1654
3108
6850
2460
9057
6311
7684
1643
9179
1392
77
7276
5337
9115
1223
5980
9696
1390
1777
887
2950
3676
525
6662
5997
796
7080
2915
3253
843
4254
3872
3932
1734
9423
8045
5906
2704
9145
9702
5096
6732
384
6602
5228
3036
2166
9216
8774
4769
332
6275
1173
4091
5514
1240
519
5573
6951
7133
2304
2258
8525
1118
982
4787
4764
8482
3680
9815
9236
7067
9347
9693
1
4819
6286
4138
1856
805
1830
223
7264
8636
7050
6455
8259
3609
5521
120
1286
7331
7169
1509
3730
2331
4536
5773
4749
7357
9066
773
8780
3887
9122
4535
3128
4156
6370
97
2937
452
6324
9586
6918
4786
3441
9097
9077
1208
9876
4277
59
1901
3277
3739
6478
3602
9296
3522
9510
3608
5727
8137
3809
5755
4319
8653
3118
5941
4772
3308
349
8682
262
3924
6737
7157
695
3342
72
1527
5353
244
3630
4697
2806
8402
2056
8516
6575
8899
5295
4523
9970
1470
2122
2848
7329
6424
2562
1158
6978
9094
8041
9071
1909
857
4683
9674
4117
1361
4402
8442
3592
6390
4311
8071
6366
9780
9361
7919
1543
8149
2228
2209
1650
8568
348
6590
884
1944
4844
3077
6346
8007
3985
2532
1661
8972
3945
8961
1066
963
9923
7695
232
9850
9159
4828
9763
809
2789
5061
6174
1935
4576
8148
1004
9266
8280
9566
3447
233
7116
4294
4262
6756
8951
7938
2606
2761
6711
1185
6040
1810
1726
5328
2999
7600
903
192
7976
6200
1162
1743
2273
9697
8690
6977
665
7174
7471
5760
5158
6832
6914
2309
8152
6411
5725
6418
2147
4698
4348
2461
9541
6287
6016
9987
8914
9251
8602
5728
8203
3761
8043
7837
4289
9358
3270
3486
699
8807
2160
7728
9310
2740
870
6225
372
4840
1242
7804
9578
8464
7021
3288
658
2719
7025
2305
1052
4984
1376
7840
5144
8470
1730
9309
604
7650
3046
1489
1340
5157
616
9365
6772
7325
3482
5163
2674
3675
610
2051
2017
9338
455
9181
5825
7769
1679
2554
4652
7320
1523
9234
8060
9972
10
4694
893
252
487
4866
1428
2416
8197
705
5806
2231
5134
8997
551
224
1761
3331
6746
8225
5947
6507
2372
1956
721
3243
6892
6855
505
7304
6168
1525
1475
160
4466
7179
7233
6805
489
7042
3303
8764
9483
3532
6934
4610
8534
3756
9797
3278
4685
185
622
9769
5843
8762
6881
4778
5761
4351
409
367
7909
139
3186
7125
3030
9412
1309
3650
4375
4003
8446
6357
5750
7757
337
853
5609
6222
6827
258
3090
3818
1998
4747
7722
6868
8331
1853
2634
3170
5642
379
247
4048
3792
6627
314
9414
2090
3536
3152
6658
5565
7088
9513
3399
5360
3279
3884
998
8267
6364
3487
6112
8217
23
8090
2613
4198
9105
3798
2388
4499
6205
5066
4835
3037
1720
6375
8599
708
3480
8073
1719
5890
3649
9050
7004
6203
4677
3816
672
1291
6814
1995
3865
3026
8483
8940
8037
3767
7172
9975
8111
304
8872
8494
9043
1009
4993
2329
7691
9649
6710
1539
8679
4122
8097
6338
5724
4686
9937
357
3297
2214
6289
7688
6024
358
2628
7075
8211
7446
3161
2595
8824
2162
2227
2612
257
7231
4927
5685
236
294
5614
8249
5143
2179
7180
9735
6605
5994
7110
2077
7689
1842
1993
2087
1452
5109
1423
7879
4320
6548
9603
6588
2203
6339
7541
3145
4530
8544
4550
797
1424
8423
4569
5106
6078
49
5665
479
7165
8475
8276
1779
1321
5409
2286
7227
1064
9668
351
9091
2454
8608
7400
649
8080
1989
4263
8578
2582
9357
6460
7259
5239
837
4252
8255
3350
6111
6739
1953
2168
770
4736
9058
6065
7178
6699
1141
9401
8720
2121
7392
1812
3840
4949
8517
9173
2041
7702
1744
4484
3883
5891
5364
1526
4966
1789
4300
975
3509
7190
1249
3499
9576
3477
1121
5448
7099
4388
740
6240
201
4453
6516
3363
1793
645
9986
9198
9157
6761
7294
1115
8672
8308
3336
437
7239
9806
1386
1721
9627
671
9793
6164
9996
4705
2099
9398
7718
2710
2335
2507
1919
2780
4313
5621
577
1408
4371
4690
9074
4147
5414
494
3882
2250
2707
7534
153
7235
9485
925
4579
9534
2908
9386
866
9753
7674
7285
7089
4852
9148
5441
1786
2728
3357
5292
1332
6004
6385
3259
2836
4813
7949
6347
2518
310
550
5204
3593
6572
5331
8543
8799
1137
8941
9669
6124
6801
5787
4646
8205
6248
1871
5053
84
804
467
8199
9487
6453
3325
5464
7388
8049
2272
7438
7892
1754
9684
7512
7907
4390
5495
959
8379
5336
4724
7085
9867
3058
27
9504
2919
5077
1636
3855
184
2044
8628
9282
1678
8440
8735
7583
1418
2920
774
2818
2652
6353
8828
3769
410
807
5148
1462
3076
1940
2246
6392
3714
4611
3241
2918
9736
3560
1043
1656
6954
6070
298
971
8467
9642
1132
5367
176
5568
788
1060
1658
4493
4637
2226
9788
4100
1436
1978
8739
8428
3372
5093
2338
5394
7543
7733
1913
872
111
7848
8394
164
4412
9692
2079
754
9002
7678
3951
5226
2644
8502
1483
1774
9594
3358
4270
5510
9701
339
71
7697
4290
4276
8341
8919
4216
4531
7436
3254
6214
5180
8162
7736
4923
2888
4816
3192
5623
6412
1157
4779
9039
3571
8631
6549
2443
4920
2287
7794
7184
3938
908
780
7629
4667
5682
8831
5000
4538
4716
7519
1850
2350
7170
5410
7738
1167
9301
4092
3814
2891
3335
1501
9527
2167
9699
4195
1760
3496
6310
4120
6458
4971
6816
1319
5547
231
5601
1318
8361
8113
4836
825
1991
3880
7375
3346
6088
396
8335
7310
2201
3475
7290
7770
7636
355
172
1320
9560
7027
6268
4356
7256
7058
7730
4465
9732
278
2499
2926
5718
1273
9387
4592
5145
7806
7968
9196
1284
6576
407
1703
5978
5619
2809
9994
6796
8181
2781
8556
341
2308
4128
9532
1982
1355
771
9197
2028
3185
6842
7291
9751
5963
8188
6295
7914
3851
1224
9385
6102
9552
2729
5917
5104
2517
5862
6023
6671
10000
9270
3091
4384
3268
9207
9530
8554
8634
3228
7903
445
9526
2548
4987
4841
706
6666
9871
5171
3232
1747
4955
4469
8730
3244
7424
7265
446
9334
9997
3957
4636
1339
4957
8808
1032
4343
8286
4881
9848
5294
7875
3337
9110
1700
1811
6544
1402
3819
9766
5819
4234
739
4783
3395
1932
9830
8688
7352
9855
3874
1174
3365
1922
2269
2718
2431
9151
3405
5051
7048
14
5122
1091
2697
5537
3386
2442
7908
9141
2526
6619
2690
1178
4070
2206
4031
833
2342
2394
1127
8456
6643
145
5480
2723
3510
4136
5820
1740
5871
9180
356
6348
2531
8626
4287
9803
5954
2361
480
5815
5812
4430
2339
6639
6804
4875
5517
3094
8795
1997
8184
1097
8501
1120
4556
4360
6089
6890
2322
8172
1005
9980
2323
4681
4926
2357
8847
4519
826
3478
1003
7641
1684
8492
9812
911
6320
6971
1522
7797
7747
4391
7271
7941
9777
1872
6939
2473
5735
6980
5197
5423
5615
9611
2135
4580
500
1596
4180
6655
7008
444
8721
5711
6428
1711
5151
4714
4619
2108
4727
2158
2972
5095
9291
3312
8107
3850
25
8637
3626
898
5040
5173
5535
848
9346
3542
3830
7386
4144
6986
1397
6622
850
4665
1007
5515
4361
1727
6803
4332
2402
2705
8561
9210
8765
4561
6797
5763
7253
4011
6212
3260
4428
6229
168
6413
3381
4704
1927
4491
1845
4098
1695
1338
3870
1621
5047
1868
1149
6421
4605
8185
5684
6234
3479
6808
6902
2881
288
7355
3559
9446
1362
4916
8222
2777
802
269
8130
133
3105
6096
6777
9823
7619
8926
8633
5303
6949
422
7801
894
7425
4591
4176
895
2012
6194
6674
8680
7347
3928
1640
69
3188
2590
2923
4855
1042
2277
9367
9547
5868
424
414
8487
58
6990
7164
6318
4956
7944
9463
2013
8508
38
9262
2032
6690
1731
9295
6802
6676
3017
5559
9822
9953
683
5833
6731
9307
2239
1106
7439
5966
4179
4017
2370
2570
639
648
8491
7993
1181
1341
3425
9916
4337
9620
5775
3709
612
792
4055
8878
6579
4018
336
1733
4972
1349
1782
1360
6120
4267
5893
1451
74
5315
435
2371
714
4516
1062
651
4192
9879
2864
6125
748
3772
5804
5097
5881
7658
5512
3120
2145
2647
9391
9646
4475
4103
5544
2387
6634
8358
4795
2550
1708
6109
9522
230
6337
4221
1512
152
7046
2083
7958
1314
9272
7816
2893
9093
7640
7494
2193
8548
8863
3173
4994
2251
9687
380
7858
6539
8488
9511
3901
8393
4069
2280
5043
4603
640
9931
7220
6498
8189
6464
6938
4167
9144
6944
7429
7746
5852
6724
2987
7303
4540
7622
9316
9726
5867
3074
9238
5525
9413
1261
2821
9944
6809
8396
591
3890
7343
5875
5474
2956
9026
4097
6775
8700
1890
5589
7328
2917
5746
6860
873
4331
6135
2405
5667
2042
5193
3975
3997
1601
7119
5027
6343
3861
2651
3946
3224
9614
6967
4369
3669
3179
6851
7073
1061
9427
737
1595
4130
8654
9073
4297
6991
9894
8877
2415
421
1902
8882
4328
9717
61
6807
3242
6091
8070
2998
9061
3586
2949
5054
1020
1952
3654
3404
965
7917
7061
4189
6924
1628
2116
2854
1653
7475
1612
1680
9804
4164
9183
1488
8939
6654
5869
1884
9658
8757
4057
2958
9212
6175
3546
1829
2489
6795
6116
6606
6477
7022
3704
7260
3875
7211
1416
3348
594
5481
3635
654
4757
4906
8791
9491
9564
5993
1873
8546
3048
629
8907
4306
1715
8053
4629
9079
8415
3897
5402
8772
1821
2661
8640
8397
1883
4457
4857
2542
7752
5450
8198
328
8776
6169
80
2395
953
8096
1499
7796
5991
1143
9747
6909
8006
3972
4126
7913
4366
2567
1625
1876
1907
5467
7480
6600
8629
17
8920
650
4037
5087
586
2828
1807
6817
3202
8250
6017
3300
3550
6436
7504
4418
2916
6429
1033
6672
3293
8709
941
9205
9757
2670
1073
3452
6399
6707
923
7734
2584
4058
7709
8311
7513
4218
6292
4797
3694
3871
7245
3304
1880
6577
7647
3907
8870
5866
8677
5894
7842
1623
4725
7175
5603
2185
6911
8283
5253
2399
5383
725
2996
114
7721
2441
3718
5146
9912
2933
3900
9635
8375
4114
6759
8897
1794
5469
3063
5822
9256
8967
538
4654
5977
1520
5045
5421
251
5955
7967
1413
6870
613
2020
2355
7383
8106
9047
4172
2599
3736
364
2931
2942
7295
1808
3476
1104
7876
8849
3165
1627
2561
165
4946
2348
815
5879
3181
1492
9201
3950
6130
8291
5149
5523
1028
3578
6696
9609
2709
182
6013
8374
4549
6032
623
461
966
4602
7726
2091
7620
6382
2369
5300
5816
2743
9545
4379
5813
5326
2174
957
3701
6919
5587
3356
2966
3516
5466
6550
5635
2333
3813
772
9349
6243
2419
7749
7544
3489
9634
242
3539
276
2200
6626
5007
4643
5442
6100
3523
9099
4327
2720
2293
2734
655
976
4929
4682
9941
9949
1482
6288
582
4155
8998
869
2354
4207
2698
6596
1155
2623
1593
7132
3827
5389
91
7795
4872
8573
1090
1709
9768
1775
5748
54
3239
6452
9515
5192
7890
4528
7635
163
2392
5341
5431
7144
9333
1126
3979
6056
323
5416
7885
8916
5499
9213
4296
8365
5125
9807
3986
3334
21
1471
7685
3702
403
8389
575
1764
6592
9345
9705
8177
979
5557
3866
5041
5001
2894
1401
9231
5062
2553
3100
146
1228
6835
8864
5068
1076
4634
5786
5014
917
8290
4802
7591
9899
5793
5126
2253
3396
8569
6276
4820
3462
1404
1886
4641
4039
2656
6752
4162
8538
6218
7870
5967
2125
413
4879
7633
8182
8713
2078
5826
5313
4590
546
2326
3498
4689
9553
6532
6350
4845
9224
1616
2299
8993
9090
8226
1465
5660
5032
4152
1738
9548
5312
2922
3012
2703
3371
7195
7415
855
9467
801
2240
9215
5810
8003
4661
345
6483
6821
9632
6557
3549
9536
8269
5679
4340
9009
7045
4554
4194
4325
8540
3581
8256
2411
2835
8351
7810
1518
7894
2018
7002
6822
4479
7855
5999
4068
2497
7743
810
7537
6779
1948
1444
8289
1750
5743
7359
488
7778
2721
6463
9425
3944
4622
8806
1466
4215
3322
8231
9761
9426
9913
6632
6997
2626
471
8733
4424
7764
3935
5446
2437
5749
7985
4560
3672
7923
2291
2230
6767
7194
11
9454
2530
1537
3231
3727
8570
2650
9479
9021
7128
827
7065
9738
2092
6594
7956
4462
1014
5632
3804
3445
8888
5249
1741
9647
205
6840
2297
7200
7114
1502
8923
9206
1510
3282
8330
8692
3164
6239
6792
6687
4504
2779
4113
6527
1990
1125
8243
8905
885
6185
1542
6152
9452
2692
7929
5472
2932
5338
8192
3599
9569
2089
5088
3681
3970
9572
7759
130
3328
2292
3690
4454
1855
5844
9862
3390
3763
4099
3903
9653
5942
3267
863
1336
2633
5247
5018
9235
138
4750
999
1280
7201
2883
719
7884
2695
9787
8386
6296
7500
1337
4770
2301
9874
3470
1770
472
3651
8168
3109
465
9928
4713
5838
712
3263
4163
1049
5205
3856
8891
6046
7181
4997
9636
6714
5650
1670
6511
667
4372
1756
6583
7729
4047
5774
4574
2964
4781
8950
9450
6446
2930
4196
8092
6092
5150
7003
8966
4983
9744
9244
8650
9789
7361
2508
6742
1442
5729
8760
7587
7547
8813
4806
6992
4905
3894
7330
6493
8787
587
2281
6743
1102
9481
3686
4422
9249
832
4700
7426
5169
5271
1304
245
9081
1508
4969
5080
2373
614
521
6340
5111
1500
5064
9939
4849
9136
769
1039
8147
9577
9775
4440
8746
8101
7597
313
4522
6263
3685
5492
5429
8385
8220
4338
6972
6014
3995
2834
6996
3960
9366
9034
4883
8214
9588
7205
8133
904
6762
7163
5130
5493
3106
3754
9597
3285
7932
9847
2672
5013
106
5378
3898
4309
7346
7323
5950
2243
1967
3597
7015
6950
6037
5897
9902
3438
6713
5634
8342
9462
3315
7539
7523
6730
8817
312
3553
6839
2585
9204
3172
6153
6912
3965
4785
4583
3326
6491
6928
3019
3199
3689
3207
1265
3125
6208
4798
1889
8783
6502
7868
8758
3391
1275
9729
4439
7086
6147
601
5779
8890
9844
8558
8942
6331
2648
2207
9341
9834
175
8472
5600
3377
3401
6880
3248
8408
137
3759
302
6562
7999
3041
7051
1459
3162
181
2080
6838
3677
9331
637
6531
549
6525
5845
7499
4028
2605
6593
9690
381
1544
9221
989
8989
569
3878
497
5854
4304
8449
1257
5086
3059
7020
7055
7666
8321
4452
33
7983
2871
3223
4249
5273
750
5233
3013
5090
8838
7654
728
9384
7750
995
6722
7121
1638
6435
5231
944
4286
7396
2677
3213
1723
4788
9070
4322
7079
5857
1882
9255
161
2034
6393
5081
6530
7881
9542
4659
1177
8617
1425
4709
6249
2842
4222
7106
1230
8167
581
6049
3836
7476
6904
8384
1579
2257
599
1745
8245
8910
1609
5884
7771
2417
7337
1521
1371
2795
8187
9502
7560
6735
8988
1816
468
4607
6030
7156
8
5509
5698
6866
9155
8036
5973
7928
9220
7809
2977
9126
2218
7611
3860
6438
9416
9411
3222
860
4782
1326
1916
2008
2262
5482
4853
2646
4014
3991
730
4952
3637
5636
3099
6888
1216
4477
2025
7026
4407
7398
6404
9595
8439
319
1633
19
6513
7549
6862
5123
9749
7171
1844
9714
8264
112
2797
143
6077
8081
6126
4411
6161
5103
8999
3645
9518
5900
4999
5887
8301
3434
1651
9886
8265
4284
4175
13
781
8660
8734
9496
3774
385
2816
2973
4087
9828
2345
2184
7787
3853
8042
9877
5046
6945
7953
6034
7097
6387
7412
8028
6541
4830
4080
545
8296
1370
8126
6005
3789
7316
2024
1150
4746
1766
7867
6181
6903
1027
6204
6689
1070
1846
7109
3683
2074
7353
692
2378
3735
4341
3948
1388
5191
1860
6405
5641
7380
7508
743
968
2466
4912
4559
7126
6308
5310
9376
5280
1943
8850
3126
43
9801
6528
2577
6538
8620
7800
9662
9762
7292
4378
986
2197
9641
366
755
4376
6522
1586
8792
4431
1514
3764
2127
2748
6867
9911
4510
2676
5627
1199
4818
1852
3071
2159
7332
3110
1030
3661
6569
782
4010
1212
7472
9805
2745
9393
7404
217
3351
2376
5438
3511
6012
1604
8102
1448
1473
4133
4394
5379
9164
6586
4761
2321
8858
7373
1778
4307
7843
1203
9846
5198
2224
4868
6494
4293
1606
8959
9396
9290
5118
5269
9004
3311
2422
696
2418
1456
7545
7584
7609
377
1547
8990
4975
9149
4733
5771
1078
691
6454
7154
6379
5599
2330
3564
2386
9811
8553
9671
7717
5643
3280
5834
800
4731
2637
2119
8414
7102
7607
2679
194
4497
6974
7552
2149
5943
5242
2115
3707
45
9538
3187
7209
9102
6447
5058
776
2762
2951
7961
4617
270
4864
4803
6553
5276
8340
1409
2509
2632
4382
3016
6113
8262
698
6542
3795
4015
8964
4824
1681
7966
5089
5534
3910
26
9774
4489
7773
5850
7408
2058
4385
775
208
2220
4937
5575
3066
6829
4854
4981
4547
2642
8798
4442
9175
571
4188
3541
9799
5010
1267
4145
8994
3127
8302
3644
4005
118
1887
7208
6057
1879
9561
5262
1683
1949
8017
2541
4726
4511
510
1771
6633
8266
5882
4943
1495
103
7280
8969
3930
15
9870
9861
2268
6800
6708
1947
8383
3691
4409
3449
1193
6684
1682
47
1819
6371
1843
281
8421
6469
7557
8549
5756
1825
6515
732
5585
9914
5345
4887
9624
5759
7963
87
1769
6388
5860
8307
2075
4405
508
5949
4081
5569
8145
1590
9593
4933
5167
3402
7644
5970
4102
220
2282
5468
713
9265
1937
2549
8165
3835
8530
5181
3035
1131
2495
6299
5392
6929
5454
1352
9377
1827
9460
8052
3699
6981
450
4106
9474
2573
6786
1189
5344
5824
1923
9132
6858
4292
8209
4968
2130
4837
2678
2131
7487
6465
6965
8747
7336
5209
9933
3114
7118
6269
9134
5497
1599
3955
2798
5207
5663
1364
4858
4915
2413
5504
834
5549
2040
8359
681
6940
722
1739
2169
1491
3212
4564
1926
3135
9567
9995
3219
92
5923
4863
7053
1457
8193
4595
3044
1139
929
8236
3845
7120
2685
6471
3124
2459
7573
8970
6794
8904
4445
2458
1296
2708
7981
8232
3032
7672
2261
7440
4502
6791
234
6955
8767
7134
7756
6651
1366
9053
8008
5359
6085
2833
5434
3952
7507
6524
1581
8856
5470
8281
6831
3320
2653
8338
6628
2901
1958
1407
391
5596
93
3913
6188
1172
2359
9946
2173
5168
2407
9863
4759
7468
2963
4932
1283
978
5618
4022
3959
1301
350
1787
3923
806
4086
4220
9579
4185
3912
8435
7435
6063
4954
2817
7950
5369
647
5172
9971
3472
8769
6475
3501
5355
897
1920
3771
9599
1220
2537
1151
7442
1183
2655
517
8173
6865
7751
1758
7225
7735
1323
2438
7886
6878
4166
5926
1671
2007
1246
1620
9434
6368
2317
7642
9312
8802
8614
1399
7402
4150
7319
8718
2477
5552
912
8871
9764
8460
4269
335
240
354
4900
4520
1375
4365
206
9271
3362
1237
4662
5666
5399
7863
4527
3150
8034
4914
2367
8431
3460
7521
1041
6094
4945
4656
6957
7340
7302
4478
7249
1184
9433
7802
6151
360
4214
820
8703
7711
4202
408
814
6359
3785
5432
2430
6266
7341
8022
395
8981
3664
4860
405
8001
9
6199
3146
6603
9263
8469
9549
9981
4227
3423
8873
2784
2811
1307
7266
8164
221
5101
5317
8805
7761
73
9278
7906
7551
9030
9368
272
8656
6472
5026
8224
6614
4
5230
1188
3119
1153
7901
6142
3906
8019
5979
7793
2722
6953
3547
9127
7289
1176
6193
9451
4899
1013
7016
8497
1464
3050
4432
9706
1331
2825
7978
5631
9048
6941
8840
347
5722
5274
7696
6884
8171
5166
9475
4691
861
6723
9228
7241
5152
2751
371
1400
1476
3821
5605
5803
96
1021
5259
6744
2003
7006
5121
5029
430
3614
7659
3528
7308
2164
7068
9843
9459
2725
4967
4187
7788
2619
3373
3197
7199
1148
992
7274
8309
8210
7501
7661
1834
127
6510
9965
7850
6361
6025
484
5853
1904
8026
9225
2981
2109
8190
9503
8252
9292
9006
238
3863
4706
1717
4460
2801
6875
4977
2191
2448
2137
4415
8135
8667
6652
9936
5452
9854
1870
7612
1254
9979
5440
6771
2502
1088
8086
473
2536
5023
1735
4241
8175
6202
1010
7158
1828
3210
626
7318
297
4485
786
9973
5017
5335
7930
5299
9178
7456
6251
9808
4231
4850
6180
8360
6727
1325
5475
778
6813
3920
4029
9835
8854
6170
6667
9191
8595
6422
5780
9718
2011
6601
5025
3113
469
7483
7865
6833
8804
1449
1354
5944
8842
427
6327
5831
5016
3999
8676
2829
4183
7301
6306
7389
5928
2368
6492
756
1163
8523
7857
8906
5362
9881
5989
5539
115
8179
8322
9193
9017
7403
3749
3942
330
9488
5988
3956
1310
9779
9448
2763
167
7823
1391
8763
8157
5702
6673
6055
7479
9443
8815
7554
8585
42
2968
7431
3604
4035
1063
9873
936
8584
5028
1389
1994
219
2216
9019
1160
1432
2420
5719
2155
684
2768
3538
2997
4664
1348
7242
4317
1849
9917
4719
5764
8954
6363
6482
5782
9776
3868
7649
3411
3333
6834
4471
7387
162
9121
1716
3427
9203
2053
9146
6241
8462
7574
9679
4461
8936
2869
1474
9739
4298
852
5563
539
7127
7524
116
9020
7191
5990
7215
340
6155
1598
2238
1951
3003
3081
666
1441
7605
7873
1574
6148
8013
6329
2189
2843
8317
4084
7113
7662
7465
8316
589
2360
456
2859
7505
8754
6114
6067
8417
9408
4451
4223
70
4904
3227
656
8532
6272
3096
6718
3842
4149
470
3208
4963
5162
9841
9143
3606
7700
4321
30
4061
4273
7824
7379
8194
3806
3435
9049
5516
4347
393
3958
317
5546
8418
390
5839
9104
119
4359
9829
52
375
7946
1217
7166
2506
8392
8075
1687
1722
2486
4044
9813
8830
5788
3422
6985
6195
8651
6315
3652
3784
628
4951
7566
2778
5741
6177
1072
1594
1837
9967
5188
1439
1204
1673
6615
6518
5059
9222
9930
3102
7485
9037
5865
7663
5177
363
2157
1110
7366
5622
2188
7381
9954
9395
7314
8694
8635
6298
2314
7741
5278
370
7410
8463
9591
3249
5119
7162
4062
5381
8272
4274
3258
4054
5938
5288
5796
762
3416
5777
1971
9185
4755
2732
6700
1374
4076
3160
6749
8622
6341
1289
6197
6630
9003
3589
948
8576
1851
9716
5128
7095
239
4633
6964
5939
2870
7652
9108
2117
4264
2059
7255
8459
3158
2962
997
9325
8912
3117
1040
9268
4248
3849
2927
5156
5538
3107
1692
646
1532
3142
4948
4695
1356
3468
5195
2005
9177
5361
1685
3502
5102
6079
2547
657
5855
9723
2837
7511
9529
900
1619
3859
1437
1635
2838
5248
8879
2771
1089
3610
2735
428
6227
1434
1152
7763
7282
8132
8050
207
835
8233
952
8559
1565
6984
3607
8027
9323
7799
3092
1964
9125
2912
5282
2107
2586
8611
6787
4627
3647
5985
3762
3927
764
9101
1648
8285
9214
3963
2682
8816
6386
8965
9978
3976
3663
4016
4397
4581
179
6178
5216
2300
993
7891
7013
5494
5590
5629
922
5801
6325
859
891
8144
7419
9727
4543
4922
9364
9925
1759
3639
6688
7197
3565
9712
7237
7783
5406
924
3040
914
5591
9910
2347
9013
227
4553
2244
213
5486
2738
5334
187
6641
3566
8869
1699
1377
8409
6007
1797
3056
6374
502
9372
3221
1419
6182
6267
7071
2072
9885
6946
996
9072
7945
3256
528
8131
8038
79
5638
8851
5952
5841
3611
7207
4593
1832
2161
4890
2539
2180
3155
6417
1552
3531
1897
5426
5656
5178
8935
4663
2085
1232
6948
3731
2791
3713
6721
6702
4118
5712
4532
6073
9966
576
9798
823
7161
1859
902
1725
9054
8597
4459
3397
6705
659
5311
5011
8996
642
4242
1564
1585
3194
1268
1195
7378
5496
544
66
8206
9117
5778
3497
3002
5740
3719
8642
847
6825
6932
6748
2033
4204
1642
2511
9750
7748
1780
2538
8362
4938
8109
9839
889
1918
1037
4030
6993
5558
1875
1962
7177
8861
6376
7575
4419
1134
8603
7056
3022
520
5453
5238
6445
8773
3919
1941
3708
1385
5904
9124
2242
2071
1415
2363
8857
3140
1908
4894
2015
5836
2929
9490
3687
1225
5356
6470
7803
9521
498
8320
8741
401
1135
